a <- 5
b <- 2
v1 <- c(1, 2, 3, 4, 5)
v2 <- c(9, 8, 7, 6, 5)
v1 - v2
v2 - v1
v1 * v2
v2 / v1
a <- a * b
a
v2 / a
v1 * a
(v1 + v2) - (a + b)