zero_vec <- c(0,0,0,0)
vec1 <- c(1, 2, 3, 4)
vec2 <- c(5, 1, 0, 4)
vec3 <- c(2, 4, 6, 8)
zero_vec + zero_vec
zero_vec + vec1
vec1 + vec1
vec3 / vec1
vec1 * vec1
vec3 - vec1
1 + zero_vec
vec1 * 0
vec3 / 2
vec1 * 5