1.5 + 1.2
3 / 1.5
x <- c(1,2,3)
y <- c(3,2,1)
x + y
x * y
c(1,2) * c(2,3)