7 + 7
RCAML <- 7 * 10.0
8 * .5
5 +  00003