4 +    3
z <- c(1,2,3)
c(1,2) + c(2,4)
2 - 5
4 * 7
